-1.489122379721834477e+00
1.112969113458404991e+00
5.087779727821015285e+00
-3.078939845589459878e+00
3.048419230290321025e+00
1.723103074835947268e+00
-3.157852845114064166e-01
-2.393432739326271985e+00
-2.519516201909937081e-01
-1.694722038883611503e-01
2.999058190753970621e+00
3.152786390540882167e+00
1.743053539270604801e+00
-6.039714867037559998e-02
2.046751640813269546e+00
3.902647576209133717e+00
-2.315922804082504172e-01
3.493365923671376549e-02
2.213028702237821221e+00
-1.072680281594955432e-01
1.055058350493979447e+00
-3.376474896932563752e+00
-5.218742242749812021e-01
-5.094851880703004099e-01
4.671031616168036749e+00
8.933263593972640138e-02
5.613901843291131399e-01
1.376430766637454894e+00
-4.910671192391404816e+00
1.623969375771039836e+00
-2.796343310829769280e+00
-7.319994668398095428e-01
-3.924845129592853255e-01
-1.280381744555427304e+00
3.292839461179113414e+00
1.103475204488134409e+00
2.898215121276948025e+00
-2.483014464460140402e+00
-2.447517073036777902e-01
-2.216435790962563601e+00
1.790983383233552217e+00
-3.435005678292668563e-02
-6.680827583807058545e-03
-1.252659852136162044e+00
4.378594876499306565e-01
6.183100868307889186e-01
3.644208143251859155e-01
3.405663948410847297e+00
-8.070377843213094593e-01
-7.758360786195339642e-02
-4.049467202435849345e+00
7.241140311194271817e-02
-2.108144712016837730e+00
-1.694394946159292203e-01
2.921924302132367757e+00
-6.493916911978203643e-03
-1.660150790812622290e-01
3.700345987098103251e+00
2.630530846882379592e-01
-8.300436630495511281e-01
-9.417338621321533765e-01
7.362000655477629607e-01
-6.612343510034861538e-01
3.172125852850442129e+00
-1.462630818585708425e+00
-2.259452195726368018e+00
2.085739316298642620e+00
3.227510085364841075e+00
4.517553271167571438e-01
5.533064193346604043e-01
-2.327539569185873347e+00
-9.608775549833126206e-01
2.373965833870016695e+00
1.804337279454699683e-01
1.414638508827053442e+00
-2.040380213560069933e+00
6.450843071012428709e-01
3.109574416147935949e+00
-1.186505745623321673e+00
-2.086063373147410971e+00
2.196558771045204139e+00
1.052690761441965606e-02
-2.656124239019845845e-01
4.824770041486345917e-01
2.508810888479857226e+00
-2.351197834023480482e+00
-2.605505753825283932e+00
1.724723174358899769e+00
3.843384974134281151e+00
3.025686874415256966e+00
1.606491114409664078e+00
-1.956087113293321522e+00
2.730842863683832888e+00
-1.066411182904019483e+00
1.050355978164830617e+00
-2.191667366099011360e+00
1.570542732833018817e+00
-1.538808321750181562e+00
-4.340050932923247728e+00
2.135139622278046545e+00
-2.037604551305193468e+00
-3.348215688166732207e+00
-5.714585108562175719e-02
-1.052556544141566519e+00
2.728322040397870296e-01
4.872559793910866688e+00
1.648258700109366259e+00
1.391957550508635677e-01
1.340470635198158789e-01
-3.203320644581140186e-01
-1.367428928395753474e+00
-2.432127575779077233e-01
1.504998964384895999e+00
1.894564755742280227e+00
-1.045578958505075207e+00
-3.475954838212558684e+00
1.318245451462615847e+00
9.718303605917952837e-01
-5.114120255381635616e-01
-8.649635054852069516e-01
-1.058453571209582833e+00
-2.222604991674813846e+00
-3.000392401427603772e+00
-1.526952718449791746e+00
-8.338089394691934331e-01
7.119317301579428658e-01
-3.535324645848788805e+00
-9.048432792432947736e-01
-2.187453646856567957e+00
2.780077192539707198e+00
-6.126496987495073654e-01
1.344365113773363873e+00
3.291264252205849061e+00
2.968202825869497019e-01
-1.605211955142266333e+00
-2.845045575391679904e+00
-4.666659809363125078e-01
2.465593195490640710e-01
-6.504567267112264517e-01
7.031541664360929644e-01
-2.316197533337131631e+00
-2.599904489502193883e-01
-1.640832806135549049e+00
-3.708854349224623093e+00
2.531295670503524775e+00
8.999637185587090471e-01
-7.364656632209261033e-01
-1.934719780657886190e+00
-1.984267484423298811e-01
6.304092116792077150e-01
-2.207360531040166052e+00
-1.636341207867104686e+00
-9.689722808959118083e-01
2.126495016300580687e+00
-2.919235066752349894e+00
4.812506146799790940e-01
4.312792289709946658e+00
-1.148995621183999560e+00
-1.285232328610348418e+00
-1.943111137130031807e+00
4.234153190811724699e+00
-6.066065446607211697e-01
-1.145619879940340979e+00
9.391611294603734450e-01
3.392089283693835000e+00
-2.893622441671368506e-01
1.460504940385305872e+00
-3.483504092992774304e+00
6.117599578522998627e-01
1.609411476988370282e+00
9.478131393977378139e-01
1.201339819909037487e-01
-3.457966568042962763e-01
-7.951366168382349997e-01
7.923269196342772602e-01
-6.505322360877698884e-01
2.901536144023054931e+00
-2.515618973365050692e+00
1.620936243512744568e+00
-5.044196197232224677e-01
-2.285940338085367785e+00
7.739916415100793756e-01
-1.495439370826488812e+00
1.550317721837060958e+00
-2.236111023755000815e-01
4.368568842683799858e-01
-1.282141608942410471e+00
-5.328704419569447737e-01
-4.120905144004254339e+00
8.305694190117804965e-01
1.157494341640799007e+00
1.494245285298475778e+00
5.995466752586509074e-01
5.810893603860733947e-01
3.581512578399056679e+00
-1.656712693817084414e+00
-5.160688614008108743e-01
-5.029146886163402996e+00
2.411821592468115227e+00
4.948268798015362790e-01
3.524879508670863970e-01
-3.729518493137433666e+00
-1.574173800106876797e+00
3.945065432738175559e+00
-2.218591851805044257e+00
-3.852967570380485540e-01
-5.135326850665791198e-01
-2.718327342277817138e+00
-7.436568364701656719e-01
-4.336556716521585031e+00
-3.566012292686053797e-01
-3.112758226598657529e-01
2.457059710576899647e+00
-2.348509908652388845e+00
9.603921864587618984e-01
1.107542221616057532e+00
1.447789750316047730e+00
1.255515912642650278e+00
1.348664162802592159e+00
-3.214568911726956912e+00
-1.193987580010329452e+00
-3.630364709878506346e-01
1.491401426730732283e+00
3.190710297101873039e-02
5.780800884600978407e-01
-1.269086618914826659e+00
1.526748620727090611e+00
4.584335963217114340e-01
7.385148176715432555e-01
3.092407429430238608e+00
-2.551344578039447697e+00
3.578398857419230694e+00
3.449351605368292439e+00
-1.037076481432322339e+00
4.300964573322545448e-01
-3.832917200866106100e+00
1.193463951304167381e+00
-6.638007236171432623e-01
-4.120877217919485247e-01
1.666871798501105673e+00
-9.440566131516447967e-01
1.216359798386321245e+00
5.403880337218538443e-01
4.715003982334451393e-01
1.748811024817598536e+00
1.389454821059189271e+00
8.909323059176301740e-01
-4.149740719288999458e+00
1.213041163518425947e+00
7.166989333207141044e-01
9.299977682197493323e-01
-6.051345930784179927e-02
1.708121572046167103e+00
3.058259604618740468e-02
2.765959084049569583e+00
-9.482480717447145935e-01
1.183259545589308459e+00
-1.055072949015738004e+00
-4.796481322783137102e-01
-1.614666998416993238e+00
-6.683618491743459344e-01
2.660620617189124459e-01
-1.378650748750075650e+00
8.913520333560569497e-01
3.810977360425198412e-01
5.278979569704489450e-01
-1.568529971336673157e+00
-2.709575405765207279e+00
1.541966160371543992e-02
3.058019076710678519e-01
1.278936505772051646e+00
1.089434908508877697e+00
-2.778925931197775867e+00
-1.253798091428706130e-01
-2.781978301379552931e+00
2.966026513954247434e+00
4.147659185362627454e+00
-7.559455791762843546e-01
6.206316919508054752e-01
-2.902033137299611099e-01
-1.009340199570601726e+00
-3.472176841732462549e+00
5.281712408060457165e-02
3.916015728579651523e-01
6.018946349317104705e-01
-5.140329987017651092e-01
-1.195592446477434123e+00
-9.952216258830048901e-02
-1.339004170296021812e+00
3.451868143600691496e+00
2.898083500789667255e+00
-2.694423087516426563e+00
-1.823542916643830836e+00
3.041039596540429102e-01
3.911369642547555259e-01
2.329271960206042991e+00
9.879696778252906597e-01
1.745390863885020849e+00
1.395934787896194962e+00
1.098166553928308531e+00
-2.745074011065611330e+00
2.243354719124582175e+00
3.870871691440328277e+00
-2.944201678510168563e+00
4.561434777157984399e+00
8.514753318411720784e-01
2.783595350762624321e+00
-1.213219454873453174e+00
1.577339375822049305e+00
2.807069927622194427e+00
-8.525388577964889691e-01
6.645958690496911458e-02
-1.764098134339519675e+00
1.319825036659977968e+00
2.027514122907803085e-01
-4.460977423965744038e-01
-9.236854089954817937e-01
1.334295638685773611e+00
3.017675436958441537e+00
3.555189543260866003e-01
5.601077600877601981e-02
-4.704655329122999774e-01
2.111288785251858258e+00
1.185844860331712880e+00
1.214201452557205130e+00
2.037262348221048569e+00
-6.305970172781343308e-01
3.620968027088480312e-01
-4.083771261022121735e+00
-4.837071839050821609e-01
-1.314161534868574677e+00
1.019233587212369230e-01
-1.854450893976661519e+00
8.790381441273780183e-01
9.472537485872862817e-01
-1.340832528509523058e+00
1.312102022376322452e+00
-5.177147545967386577e-01
1.528911766399545513e+00
-5.269144040022126774e-01
3.108318276348953191e+00
1.593910739990235470e+00
-4.505386979168321204e+00
-2.638320870676977847e-01
-4.889685097646321310e-01
3.791316115355400029e+00
-2.030370214221349556e+00
3.302585649092449671e+00
-2.128581839651744190e+00
2.794369067425378717e+00
4.676872493884900450e-01
4.483944495979699241e-01
-5.378591192081870531e+00
-4.094853309072846059e+00
5.536822105821954665e-01
-1.383574829580524579e+00
-1.082243349168891200e+00
-1.702590334180456466e+00
8.392374290699109451e-01
-1.376199193482179339e+00
-2.380971697134427245e+00
-2.015016795568399743e+00
-2.847233884193585141e+00
-1.634228170185338058e+00
6.766258181591098264e-01
1.930465656735364632e+00
-1.640504975346118499e+00
4.047954443360026744e-01
-2.590577344526195702e+00
1.184489330248226224e+00
-5.121880205404778508e-01
-5.100922691503058104e-01
-4.219143068268024876e+00
6.399573912881351134e-02
-8.252965087341834760e-01
1.392425249353621552e+00
7.108721307177603421e-01
3.248307911243941248e+00
4.972573893489311558e-01
1.493821969649332004e+00
1.734867337535632714e-01
-1.215663600162315561e+00
-1.377513045371713929e+00
4.224429501336430803e-01
4.116111056710565208e-01
-7.004689822107366126e-01
-1.599363854078035274e-01
2.645534497373375871e+00
3.535514737999392310e-01
-2.457049145643750876e+00
1.030777073796784293e+00
-1.762311057702319772e+00
1.103549829588104103e+00
3.258281404449064667e+00
1.275653687833752770e+00
1.935252400845229204e+00
9.551262837015030982e-01
-2.588109794403436581e+00
5.444016476734105936e-01
1.872001999842325404e-01
2.947664150655583626e+00
-2.208955252874162056e+00
1.337871503483455626e+00
-3.328889496767857281e-01
-3.111442570564975085e-01
-1.412292683325617304e+00
-7.546678519711775834e-01
2.654773362678596982e+00
5.025238870200041674e-01
1.131643225199567837e+00
-4.255330073574157268e-01
-9.632937182952332478e-01
4.499111100147430875e+00
4.935608870126628744e-01
2.278530391485531936e+00
2.282156291605318188e+00
1.953573085346818061e+00
4.075761643499632214e+00
1.339019966754150914e+00
-3.636630361742732021e+00
-1.176345919988008859e+00
-1.611949926620823703e+00
1.031889510057524717e+00
8.762441312005364580e-02
-4.021056302219960799e-02
-3.509558183738903381e-01
8.739638645552645357e-01
3.137868426748298134e-01
-1.413558493338726407e+00
2.802951584546832464e+00
1.066713248590886565e+00
-1.323716391750252797e+00
-2.270897982612694932e+00
3.907081762173859829e+00
-9.743304428955497087e-01
-2.611831268383852489e+00
-5.106296022004528368e-01
-2.946301595364730019e+00
2.062067074484644991e+00
-1.183743206152811922e+00
-2.891081654827587499e-02
-7.334806843087449124e-02
-1.996177476825792496e+00
2.557975186424854996e+00
-5.661410662643362457e-01
-9.981214575823855739e-01
7.321128390421307586e-01
2.222139441658342207e+00
2.645796890255454059e+00
4.090385642806651845e+00
7.211438249856456650e-01
2.968062647292470047e+00
-1.397270641191738605e+00
2.313248172721529272e+00
-1.007978429332951009e+00
-2.061153969830769483e+00
-1.497918517231937585e-01
3.103928132318017674e+00
-5.156726861973226050e+00
-1.519820777377844934e+00
1.977389872770160650e+00
-1.590169964190124574e-01
4.902055153342033122e+00
4.394243221221188378e+00
-5.226315518414423877e-01
4.957117123842209594e-01
1.005898547063566184e-01
1.755680881573340457e+00
1.192682837894594172e+00
-2.091038461438486706e+00
5.024793551832829053e-01
-7.934907363730587804e-01
-8.307108834198970726e-01
-9.107740246573712284e-01
7.296897633819270368e-01
-1.658579531036394883e-01
-3.406951740620485225e-01
-1.507087470295104481e+00
-1.126067324226056598e+00
2.512640338921130478e-01
-1.396765511709915586e+00
1.776908911628026999e+00
3.919315614729327990e+00
-1.640009879366829182e+00
-7.725025835049024181e-01
-2.371275591610242373e-01
-1.974494327790040415e+00
8.269354964245678730e-02
-7.348040108555835559e-01
-1.475195805554108119e-02
-2.464486330040273288e+00
2.944216335649400662e+00
-5.362300411879061812e-01
7.939454131608414400e-01
2.848869285191099721e+00
-4.119058239625829287e+00
-4.528510399288165900e-01
-2.552796883366283964e-01
-2.880686309435020576e+00
5.196946548799843413e+00
2.591398655348513103e+00
5.642433696767596985e-01
2.592655554807606677e+00
-1.799559695863777620e+00
-3.158440374832011344e+00
8.351896815622410486e-01
-3.498344649923694760e-01
9.166368551270522858e-01
1.879919219071709335e+00
1.512237735781425840e+00
-1.744500839318931185e+00
-1.428637636301147040e+00
-3.725596995938218470e-01
1.770338647062843052e+00
2.186020898157735814e+00
2.125954499821418153e+00
-1.300737554398395446e+00
-1.446515059364145372e+00
1.535566709173494360e+00
-1.119897817686180019e+00
-1.330205905258509347e+00
-9.362295013218471240e-01
-1.680112998366638521e+00
3.298234622352666179e+00
-7.996685813651538410e-02
-1.393593193640001004e+00
4.436473382348680161e-01
-1.819915622376299780e+00
7.354102940654314580e-01
3.007481960028258072e+00
5.139145745902169438e-01
3.998819384627509521e+00
7.676357931260753276e-01
3.422220040002343922e-02
2.151969756775557130e+00
2.827397536136828649e+00
-5.235859071691351119e-01
4.405750504741376972e-01
1.235760115655168079e+00
1.434655631342465654e+00
1.228815342144216061e+00
1.427284177721759306e+00
-1.107947778804970085e+00
2.416696926069477058e-01
1.366000552921065037e+00
9.030174351729698401e-01
1.437847033356391080e+00
2.610031801284833364e-01
-2.353071229517254892e+00
-2.956048380486535621e+00
4.873252005629495898e-01
1.304129772710638235e-01
-1.118718160265430583e+00
1.805294373575577538e+00
6.325427330029782524e-01
4.563954142199847297e+00
-2.826812144003270078e-01
2.708812381922882651e-01
-2.422540295133813970e+00
-1.069582499742665505e+00
-1.320555822111231237e+00
2.015828210852646407e+00
-1.147359410196131080e+00
-1.390892445588931992e+00
1.586978960064243438e+00
-1.459669436310605306e+00
-3.441852424508510921e+00
2.645737914168691418e+00
-2.004062219998644423e+00
-3.442066286456395119e+00
5.109300683959361322e-01
-8.221265925872671687e-01
-1.367975978233133105e+00
-3.360084399477543116e+00
2.644810874371401610e+00
-9.459313501906336796e-01
-3.209380357902205105e-01
1.308363874942415350e-01
-1.057124583606338319e+00
-3.567692418519769149e+00
6.396193362943023430e-01
-7.917786201761458642e-01
-1.678328974568756848e+00
5.316334142228342330e+00
2.316713167355146652e-01
1.733378455261416207e+00
-9.209675049579715278e-01
1.703561274718651930e+00
-3.332774788663940058e+00
6.658761669581565457e-01
-1.298116561580442863e+00
-1.208932701910967467e+00
3.523441462042555372e+00
1.276233278029422991e+00
1.776529587926503950e+00
-1.168139260086036302e-01
3.766204841232422496e+00
5.707886459869939699e-01
-1.448685635891322931e+00
2.748684281113668249e+00
3.904540509028848305e+00
-1.525189735887011011e+00
-1.177427852694890476e+00
7.594569895300935514e-01
-5.389518107512003553e-02
-2.987263067674774675e-01
2.733488892145345517e+00
-1.543570062352657146e+00
-6.761114220603303693e-02
1.077312419750739991e+00
1.736251522178932305e+00
-2.510733753268254986e-01
-2.630540289050259162e+00
4.468083667643711010e+00
-1.100946614811277868e+00
-2.556235337133315966e+00
-2.328561849879520196e+00
1.878356755904704301e+00
-1.851863336846975017e-01
-2.833286041810680445e+00
-1.219736358752513183e+00
-1.621397181674964827e+00
-1.882087518876176091e+00
-6.114200816212616019e-01
-1.429703044730388228e+00
2.320531283611686035e+00
1.955094578476007428e+00
2.696572992425672055e-02
3.383933413885415575e+00
3.529123439870417656e+00
-3.996162722228433495e-01
9.210478129577381878e-02
-1.815760398615225313e+00
-2.144975780324358539e-01
2.873303806987507869e+00
-2.860061689418955666e-01
7.094765791329251670e-01
-6.255522081139019974e-01
-2.083674207985353632e+00
1.922749445557755621e+00
-2.613782828594452212e+00
-1.734696254110147606e+00
-1.107138231766157332e+00
3.383803026158176408e-01
-1.892890213413238598e+00
-1.394431756799619393e+00
4.245223079363142915e-01
-1.986667660097154453e+00
-4.931073064429369879e-02
2.257490715769492340e+00
2.006004131921770295e-01
2.290078466860322237e+00
-1.204712627784104484e+00
1.236783963139856724e+00
-1.230540530961206969e+00
-3.074734285923454991e-01
-7.831639001335588546e-01
-5.795758527462169241e-01
-6.313755391999791300e-01
-8.847438207161530954e-01
-3.051837635729299336e+00
5.839645083788269631e-01
3.383453265015958777e-01
8.744618802649455347e-01
-1.528176219386523371e-01
1.010925963595298072e+00
3.983168044688710552e+00
-1.855112183690124539e+00
3.093272874472603462e-01
-3.585506322550884306e-01
3.705389123547178087e-01
2.556342794391184725e+00
-3.522666111833629543e+00
-3.331883751302484598e-01
-6.146688130822326457e-01
4.571770638220783667e+00
2.413040088370479452e-01
-2.487266600446503162e+00
1.707416337443390830e+00
-1.241620475330307727e+00
-1.339640266865586682e+00
-2.860940109689352084e+00
-1.681703228283041085e+00
2.925975905821374567e+00
-9.651466840166307293e-01
-3.534160654157560089e+00
-5.920702718436103851e-01
-1.485659789633785977e+00
-1.390989372843932870e+00
-1.297266885586623175e+00
-4.460985395166986223e+00
1.494756801979605143e+00
1.412633782216545342e+00
3.490115707298997449e-01
-3.435671143789519988e+00
-7.330931895056380654e-02
-2.242674633223856517e+00
8.598842007984046631e-01
1.349982462731290411e+00
1.173404089963085539e+00
8.473434780268007671e-02
7.887207632423809400e-01
-2.345954712250204466e-01
-5.260632964156428670e-01
3.293776921531218704e+00
-8.460682735048408176e-01
2.413083766414374054e+00
-3.061998602578512418e+00
-1.159725158912635834e+00
-1.796848946811451242e+00
3.533887791934660072e-01
4.885938120125672413e-01
2.302954569238153226e+00
-4.182046369726222679e+00
-1.181705638474610964e+00
-2.514523444863513646e+00
2.352743331282155737e+00
-5.061197925099719441e+00
-5.679721334040692682e-01
2.899466313811416285e-01
2.020263522336307460e+00
3.895510894122651280e-01
-4.251628732249628229e-01
3.150564228000746425e+00
1.989169794541879810e+00
2.142632450100734331e-02
2.617171924324779297e+00
-1.584661467148151814e-01
-4.548599286467919001e+00
-1.247449508586271349e-01
7.725506865405975532e-01
-1.394937723534340535e+00
-8.289951702609812401e-01
3.133510770084072306e+00
-1.108329934742002365e+00
-2.321958646020945594e+00
-2.451720164142471958e+00
1.687769636420739516e-01
-6.072260141117027388e-01
2.565327461342562287e+00
-9.460469010173540028e-01
-2.275658753188878336e-01
-5.319828330540303796e-01
-3.378956750064787684e-02
1.924000871316280836e+00
-1.984598016365239914e+00
-1.156138455328260761e+00
9.267695733261689384e-01
-9.436286583477055956e-01
3.734025400534406458e+00
2.339008761227560740e+00
8.369826772954667149e-01
2.237699354202433710e+00
-7.956714833203477610e-01
-6.927010545225584792e-01
2.137446221708572125e+00
7.850370764162448722e-01
-1.283536982423953532e+00
3.923036182350756462e-01
-8.710558860983610430e-01
5.246122418659581399e+00
-1.827272088213604206e+00
-3.715433377059440545e-01
-4.817567948706198422e-01
9.645091500949263263e-01
8.613683817227695272e-01
9.509820704248426182e-01
-1.069507984393709421e-01
-8.396798239203917547e-01
-2.222048335560486976e+00
3.201612676812359837e+00
1.140326701581713564e+00
-3.689223000229773675e+00
-5.613926513555185238e-01
1.842498568407577864e+00
-8.943981414487325310e-01
1.203438673920516067e-01
1.250079351520767545e+00
-1.284823616482242414e-01
-2.137070111039747644e+00
-2.265520923445748736e+00
1.635828760199530052e+00
7.857244316760585434e-01
-1.664164745716632865e+00
-6.575130804460087575e-01
-2.305831440454213066e+00
-2.141632328241200867e-01
5.642924682604757436e-01
-4.863035950511701344e+00
-2.603124150928778135e+00
-2.809464460044495127e-01
-2.034285304848552300e+00
-2.912872803626768814e+00
1.892147549663917516e+00
-2.403084588776636110e-01
3.698381929468013141e-01
1.036020459212778633e+00
7.185556215530226609e-01
1.104892562930047006e+00
-2.798999933348270019e+00
-3.857880581365293438e+00
1.308847842283853424e-01
1.363006261954069487e-03
-2.062220800711003221e+00
-2.604708277142464112e+00
-4.857009598697032970e-01
-8.813786830398839811e-02
-4.551832348352576219e+00
-1.137690717646762550e+00
-1.362332212609317139e+00
5.144570456718611240e-02
9.424253022194761797e-01
3.382243162838491912e+00
1.250603431057768944e+00
-1.758515273926875011e+00
-1.583120658866903341e+00
3.661508671075083043e+00
-1.153595468989536243e+00
6.734006834887082960e-01
-3.507129694716340396e+00
3.822713792625961560e+00
8.060633550708757866e-01
3.779286410142148611e+00
-3.624164745080804551e-01
1.308016773314420789e+00
1.104824774708006885e+00
2.679441265000463090e+00
-2.946380168388486709e+00
2.927802013253909763e+00
-8.735407306815403672e-01
-4.947793162258165012e-01
3.085477158767631067e+00
-3.774190573986146546e+00
2.441629927311339543e-02
2.972017337325027597e+00
-7.431888998330435925e-01
3.669545402266351175e+00
9.518168776737638836e-01
-2.739738929361863029e+00
-1.286128852111374954e+00
8.935571373201440792e-01
9.698325466727908406e-02
2.744122365314865419e+00
1.699083832035356068e+00
-4.108742273943832402e+00
2.378609539912872606e-01
1.182817956515748392e+00
2.438128565926547253e-01
8.724408827748675321e-01
-7.429448026174014785e-01
3.900207848590042659e+00
3.054790346639634890e+00
4.211735000792486971e-01
-5.664161319140205819e+00
4.439047574257415363e-01
-3.744720094852809211e+00
-3.107578536055186191e+00
1.749870509555890408e+00
3.688996765326749028e+00
-1.955924425021080992e+00
-3.517599596189796785e+00
-2.230775402794392903e+00
-2.446957440431461350e+00
1.967861511849704925e+00
4.269882794566797202e-01
3.089221790452967298e-01
2.971687612230311970e+00
-3.710267882891940872e+00
5.167936444182004152e-01
-2.143292490761652402e+00
-2.816933511660153044e+00
2.762806474517986999e+00
-1.062313396109146879e-01
1.640469114388935168e+00
-3.634370474763386483e-01
-7.899313830916412371e-01
-2.561811066521244129e+00
-2.968083607671303525e-01
-1.139921759628634845e-01
1.586884251388340772e-01
3.119586960506083528e+00
1.325523530647814141e-01
-8.790083069541339000e-01
-2.090583318356735276e+00
4.696848525929766538e-01
-1.931837599362026481e+00
7.657170884884436646e-01
1.565515493511782097e-02
7.790659211977413179e-03
7.230477200352822820e-01
-2.341706826425465238e+00
-2.293664987194716787e-01
1.458061276270385065e+00
-1.130529385768454631e+00
-5.427840213507082012e+00
2.538183901644970319e-01
3.331579055214206164e+00
-2.199534581245231379e+00
-2.340460975581436287e+00
-1.757879300454476379e+00
-6.885551382262917741e-01
-2.394078239460412760e+00
1.225833965643403189e+00
1.791160848442302722e+00
2.623436409203065978e+00
-9.535935985397259174e-02
-9.144295502265720188e-01
-1.597923560684165523e+00
-2.421659024723510356e-01
1.001104446396297476e+00
-2.381745350429000041e+00
-2.782321449854237017e-01
1.971696294634014635e+00
-3.518806198354553771e-01
-1.029339775277037461e+00
7.545411590018176184e-01
1.946282523090417271e+00
4.197388286093399756e-01
1.327195223990443651e+00
-1.224083475309456048e+00
-1.096324844812073707e+00
-8.105823648728147646e-01
5.964354433885148410e-01
3.882982081100294636e-02
5.377201792241521616e-01
-1.240318269608224000e+00
-4.949618702871845244e-01
2.841918493434221205e+00
9.367640067615923272e-01
1.231360539333238080e+00
-1.866627954697108294e+00
-2.123484039295817638e+00
-5.007798614337559684e-01
-7.768198988585623965e-01
-1.027594204946339573e+00
-3.225563929727726986e+00
-3.534528181003523173e+00
-1.167441844255108663e+00
-8.167775983143030771e-01
2.071876811763587511e+00
1.709923307348446997e+00
-1.183119064871220871e+00
-3.613720090652222439e+00
1.261557666622366014e-01
-4.331061094000290268e-01
-7.844698119882451692e-01
6.346426924840926631e-01
-2.382984166301014284e+00
3.746926237860606079e-01
8.210384322766799414e-01
1.867823590858733951e+00
4.065107439189262095e+00
8.924072472871245054e-01
-3.537864485683428484e+00
-1.558711664385697304e+00
5.596453644287223028e+00
2.541225401459186628e+00
-6.739727315565033905e-01
-5.933283879210335954e-01
7.995355454125814276e-01
-2.076523067039516945e+00
3.157883011900239012e+00
-5.160057242433424562e-02
1.832218659610305167e-01
2.794342507593398750e+00
5.889158552302305338e+00
-2.022621525253072150e-01
2.219733535055610218e-01
4.105669944603576482e+00
-3.672200091501892416e+00
2.196609987113617990e-01
-3.153626217301166434e+00
4.309262497376948886e-01
2.025040985838444385e-01
3.180387860180331927e+00
4.446257127782473617e-01
9.365419485362878049e-01
-2.964228158961020654e+00
6.262725380139499975e-04
-1.600776821971706454e+00
-3.273458502281798133e+00
-3.658318786758457009e+00
1.226148302338131657e+00
2.771391154708098270e+00
3.644685695284195504e+00
2.702352993143136928e+00
7.193092233706011029e-04
-4.359465609825662114e+00
1.933751850231004710e-01
-2.536613734177805668e+00
1.493924001731073758e+00
4.827536416361510874e-01
1.183660806952190114e+00
5.042392840751546146e-01
1.688724832587652713e+00
6.622549834718967077e-01
-6.003230845589087039e-01
3.647781838473306948e+00
-1.336025444815106766e+00
-4.497732308793018774e+00
-7.161551303739770447e-01
-2.656425309331467588e+00
5.217831899812352958e-01
-2.220299333338701331e+00
-2.369408482418180029e+00
1.826207236617506169e+00
3.733574944344155710e-01
4.542590482424344600e-01
-1.738486148743206172e+00
1.739586865746360900e+00
-2.601222918047341182e+00
1.414799219228271454e+00
1.935426060380265767e+00
-4.902631492875713093e-01
-1.467691997632073253e+00
1.176109952735046704e+00
1.858391071579603704e-01
-2.899132784449847122e-01
-5.643504512289609920e-02
1.153113384398892549e+00
2.579669354313679719e+00
-1.131881432621810291e+00
-2.080815288161375065e-01
1.272722992565888944e-02
3.307185028044486330e+00
-1.375035166766721773e+00
1.440260184525669729e+00
-4.601986659031823024e+00
2.501356181493605391e+00
-7.331779601043280081e-01
3.424659219328418658e-01
-2.081265493136299938e+00
2.830968129478947048e+00
-1.048212030717735388e+00
-9.002413913427176340e-01
1.903779574227996818e+00
-1.452906615810036328e+00
-4.310725858019708312e-01
-3.650693779421487761e-02
-2.398965038995314103e+00
2.289107546890249978e-01
1.679326196405398264e+00
-1.300758268017062846e+00
5.958946014061439200e-02
-5.262858640663054643e+00
4.057684120531348526e-01
-2.892643093859604164e+00
-3.601762921486937330e-01
1.875217312515843560e+00
4.946652221051081710e+00
1.708691949082364658e+00
3.827741559234198121e+00
-1.391530469655819502e+00
-5.467421213741886277e+00
-4.648078589878721800e+00
6.904459736486501242e-02
2.983159952534123249e+00
7.016987029100221207e-01
1.650768141969379599e+00
2.293685614602949840e+00
3.209363663394341870e+00
-6.071220782820887507e-01
-6.774163067068172950e-01
1.032703646536262454e+00
6.512520457407475760e-01
-1.574934595030384799e+00
1.142901551346255928e-01
-1.503334532327215811e+00
4.699805334790312372e-01
2.417496911624240852e+00
-1.406323853788649103e+00
9.739157438418999391e-02
-1.130650012589669018e+00
1.701641291725394467e+00
-6.104606890029060651e-01
2.271857278800425206e+00
2.803053232618239576e+00
-1.159650473066889731e+00
-2.898097055700304736e+00
3.543877270105753041e+00
2.134924677653586400e+00
-1.861607293323828571e+00
9.123465459164492586e-02
3.205754733657869338e+00
1.877473669840171056e+00
-5.230322282353370156e-01
-3.977834312538831796e+00
-3.554482311366911063e-01
2.030206087168977547e+00
-6.463353731614773778e-01
-2.233446718669156894e+00
1.941553345708712186e+00
2.799325038243935637e+00
8.462942903771732972e-01
-1.528903954778996876e+00
3.914930580327407483e+00
-3.074444480110258837e-01
-3.739006704038132511e-01
1.741964337800681051e+00
-2.588499862646415295e+00
8.730670394506034881e-02
2.517156302199907714e-02
1.172586288045067704e-01
7.693969021434980959e-01
-1.363095339341469980e+00
1.445351587844143637e+00
2.702168613342564640e+00
1.287944942504282153e-02
-1.068241898916113541e+00
1.698001232435586871e+00
1.395303048381833833e+00
2.546859410453706118e+00
2.214927756105439016e+00
-2.424917148195831373e+00
-1.369395593049759441e+00
-1.546061570719857059e+00
-6.194495553982903857e-01
-4.229578044879502841e-01
1.589474186738058847e+00
1.023298396796107568e+00
-1.346260807571468376e+00
2.362371189389961046e+00
-1.522078691761194591e+00
-4.308024274797475073e-01
5.421295515068322857e-01
1.563735082568484813e-01
1.379165306331373131e+00
2.696966688742620022e+00
9.971290604397609059e-02
3.097087430542416087e+00
1.722135813370897495e-01
-2.806370844841254097e+00
1.156737144644779391e-01
-1.827270373946902282e+00
-1.585570154465798964e+00
-4.576306899313223653e+00
-4.223079829851826617e+00
-3.535245953024784171e+00
8.510218517214696021e-02
-1.257642757997246008e-01
-2.387681747569260438e+00
1.950083837233719919e+00
-2.476624308853715206e+00
8.067756231222631413e-01
-4.900290776989777441e-01
2.933406799064627535e+00
1.308231296833241686e+00
8.410467230132212535e-01
5.175109649326259387e-02
1.700474862095390449e+00
-3.805458086029034348e-02
4.841152732077063092e-01
2.333846827341403696e-01
-1.258305018520658791e+00
-8.304730203860799520e-04
2.613124332338770728e+00
3.133769866893629796e-01
-1.050834277730757549e+00
-2.139519437709836325e+00
3.004015671907808382e+00
5.426972254084034830e-01
3.197115305999048473e+00
-1.459627949038349470e+00
-3.213988561842029412e-01
-2.587563927474434422e+00
-1.766891681377430245e+00
4.014550707266550944e-01
-1.947290258670136609e+00
-2.587015866712363277e-01
1.037509973371726346e+00
-1.236490821005986618e-02
-1.313722215969946205e+00
1.718108136485966497e+00
1.785671628162191382e+00
-1.005556687208752464e+00
-3.610534244858314423e-01
-7.720835650934532168e-01
-4.066647748356416514e+00
-1.470449297478211292e-01
8.416017844014760385e-01
-1.122823424981348239e+00
-2.643963321501772157e+00
-1.428057306032215479e+00
-1.292494995234392263e-01
2.492323434694299067e-01
1.629000563760484965e+00
1.021725866070070765e+00
3.357792687634770346e+00
1.151507341979453258e+00
-2.497072448282438017e+00
-2.713919185378813381e+00
-1.578163979979976261e+00
8.254724632813292828e-02
2.343348335710601305e+00
-3.435533609807393418e+00
-2.255710491629173475e+00
2.399739724843499289e-01
-1.030581491467955857e+00
-2.118157189180578825e+00
9.105918237884793598e-01
1.743417308490649020e-01
3.321685063937906079e+00
-9.821763044251667907e-01
-7.454334677702973977e-01
9.652121806516902325e-01
2.251697852016860679e-01
-6.521538209293140653e-01
1.927021751065467470e-01
-5.738160692822447118e-01
3.813855659343005300e+00
-2.841537289628206508e-01
-1.046498741724434467e+00
-5.510604543995469840e-01
1.517677102693966162e-01
-9.739796568525349585e-01
1.204763785424660227e+00
-1.778891079757869420e+00
1.309213253589120995e+00
6.706105334350667135e-01
-7.715498328247747395e-01
-1.686672661084315905e+00
-1.345525280993953743e+00
-8.963843903686807835e-01
1.127564283473816431e+00
1.844735060059022658e+00
-1.596323862033514729e+00
-5.442171867207576952e-01
-6.662889374140803511e-01
7.880793868824298443e-01
5.095241229270897065e-01
2.355829938068154661e-02
-1.920294901773885954e+00
1.593428512843516387e+00
1.115802791395083204e+00
2.603531338645922233e+00
1.009073644945047477e+00
1.543965105785318315e+00
2.423444081738495015e-01
-1.102060459308873419e+00
8.355575019164973583e-01
-5.508282662142960362e-02
8.797338303507160617e-01
2.574597558375174344e+00
-4.609221610206859054e+00
2.700819451250637826e+00
2.115735495250774534e+00
-5.637159732433900672e-01
3.898743970731686659e+00
1.642128339020530348e+00
4.229553071677273124e+00
-2.113771749338241079e+00
6.622997129713894537e-01
-3.883557144303892983e-01
-2.705015110944970047e+00
-1.459262893373193037e+00
-3.152080379748028349e+00
-2.822934187893181956e+00
4.623875386812969168e+00
4.584541643348103435e-01
-1.136381612131586394e+00
5.100652504314396651e+00
2.303736809051400769e+00
-1.860197399850264333e+00
2.754779052103515369e-01
1.088213460530909060e+00
-2.347605701484681617e+00
-2.106596532137174904e+00
3.176666518067605693e-01
1.468465299138017599e-01
1.772602000265948163e+00
-3.481146250202016290e-02
-2.096304677509451153e+00
1.057066381709617531e+00
-3.215396461440533926e+00
-3.539863036346559966e-01
-2.378628094642493807e+00
1.649323178459525252e-01
-1.953544152396744948e+00
-1.939552737748599043e+00
5.256972099568173462e-01
3.038468110740907946e+00
1.206023863167004606e+00
-2.772573965152261621e+00
-4.504093786240218833e+00
-3.909838522704077945e+00
-1.482480033614336890e+00
9.561785347553239944e-01
1.758762985811955559e+00
-1.744823134226678008e+00
-2.821455924492795475e+00
3.795178990167457300e+00
1.796952564797805962e+00
-1.967297902266636811e+00
-3.309792994269443511e+00
-6.564622409962197480e-01
-3.586658688897529146e+00
7.626640767753372074e-01
-8.312537128007448928e-01
1.088304322028079696e-01
3.905332309882183495e+00
-1.586303353400921878e-01
-2.619888888464259935e+00
6.214479006318924803e-01
-4.215428273149100846e+00
-3.684485433369090401e+00
